1 0
2 0
3 0
4 0
5 0
6 0
7 30002
8 86701
9 139240
10 187994
11 248440
12 308261
13 350900
14 380461
15 404169
16 429590
17 453168
18 473666
19 484168
20 492102
21 496523
22 500230
23 496765
24 490062
25 482504
26 473565
27 463019
28 450899
29 439188
30 426353
31 413271
32 400398
33 386817
34 374033
35 361018
36 348059
37 335725
38 323870
39 311220
40 300329
41 287950
42 277629
43 267140
44 257197
45 245064
46 236910
47 227387
48 219179
49 210633
50 201618
51 193577
52 186734
53 178798
54 172002
55 164162
56 158265
57 151105
58 145753
59 140015
60 133795
61 128380
62 123761
63 118135
64 114183
65 108726
66 104873
67 100852
68 96541
69 92855
70 89013
71 85489
72 81891
73 78683
74 75562
75 72592
76 69628
77 66662
78 64205
79 60734
80 59317
81 56771
82 54422
83 52160
84 50429
85 47887
86 46245
87 44407
88 42599
89 40958
90 38947
91 37629
92 36122
93 34794
94 33643
95 31522
96 30374
97 29208
98 28102
99 27165
100 25931
101 24706
102 24018
103 22972
104 22276
105 21083
106 20311
107 19490
108 18710
109 18043
110 17308
111 16573
112 15771
113 15326
114 14816
115 14061
116 13298
117 13097
118 12531
119 12018
120 11502
121 10934
122 10472
123 10023
124 9585
125 9289
126 8933
127 8516
128 8047
129 7885
130 7786
131 7532
132 6871
133 6716
134 6470
135 6166
136 6038
137 5585
138 5403
139 5432
140 5115
141 4905
142 4559
143 4447
144 4280
145 4082
146 3949
147 3883
148 3670
149 3394
150 3404
151 3276
152 3142
153 2959
154 2801
155 2696
156 2532
157 2478
158 2350
159 2317
160 2179
161 2177
162 2064
163 2011
164 1829
165 1877
166 1701
167 1618
168 1669
169 1551
170 1431
171 1446
172 1386
173 1237
174 1283
175 1215
176 1145
177 1168
178 1032
179 992
180 969
181 929
182 893
183 870
184 809
185 771
186 742
187 775
188 660
189 670
190 645
191 593
192 590
193 616
194 556
195 531
196 457
197 481
198 478
199 425
200 454
201 425
202 394
203 366
204 349
205 345
206 353
207 342
208 307
209 332
210 281
211 258
212 240
213 245
214 256
215 238
216 234
217 227
218 208
219 208
220 189
221 194
222 192
223 151
224 161
225 135
226 166
227 150
228 153
229 140
230 126
231 112
232 96
233 120
234 96
235 83
236 105
237 107
238 82
239 85
240 66
241 70
242 59
243 90
244 75
245 52
246 63
247 53
248 52
249 57
250 45
251 49
252 43
253 37
254 35
255 51
256 43
257 39
258 44
259 32
260 29
261 40
262 33
263 34
264 28
265 30
266 32
267 33
268 23
269 17
270 23
271 26
272 24
273 19
274 15
275 23
276 16
277 28
278 14
279 14
280 18
281 12
282 13
283 24
284 16
285 18
286 13
287 11
288 14
289 13
290 11
291 14
292 7
293 9
294 5
295 7
296 15
297 9
298 3
299 9
300 11
301 5
302 7
303 7
304 5
305 2
306 7
307 7
308 5
309 5
310 3
311 10
312 4
313 3
314 7
315 6
316 3
317 4
318 2
319 5
320 3
321 2
322 4
323 3
324 5
325 3
326 2
327 2
328 3
329 1
330 1
331 0
332 0
333 0
334 1
335 2
336 0
337 3
338 2
339 3
340 1
341 2
342 0
343 0
344 1
345 0
346 0
347 0
348 2
349 0
350 0
351 1
352 3
353 0
354 0
355 1
356 0
357 2
358 0
359 0
360 0
361 0
362 0
363 0
364 1
365 0
366 0
367 1
368 0
369 1
370 0
371 0
372 2
373 0
374 0
375 0
376 1
377 1
378 0
379 1
380 0
381 1
382 0
383 0
384 0
385 1
386 0
387 0
388 0
389 0
390 0
391 0
392 1
393 1
394 0
395 0
396 0
397 0
398 0
399 0
400 0
401 0
402 0
403 0
404 0
405 0
406 0
407 0
408 0
409 0
410 0
411 0
412 0
413 0
414 0
415 0
416 0
417 0
418 0
419 0
420 0
421 0
422 0
423 0
424 0
425 0
426 1
427 0
428 0
429 0
430 0
431 0
432 0
433 0
434 0
435 0
436 0
437 0
438 0
439 0
440 0
441 0
442 1
443 0
444 0
445 0
446 0
447 0
448 0
449 0
450 0
