0 0
1 0
2 832763
3 972405
4 0
5 1133836
6 3626771
7 1094804
8 1277425
9 0
10 1188974
11 4279327
12 1910450
13 1623964
14 2846804
15 1974962
16 0
17 2108363
18 1743774
19 3011530
20 1950542
21 0
22 1466958
23 1712875
24 4271400
25 2067292
26 5281943
27 2464512
28 0
29 2630109
30 2787457
31 3894715
32 2841862
33 2434994
34 2430823
35 2835403
36 0
37 2407692
38 2990741
39 2182957
40 2140570
41 2093881
42 3769847
43 2597443
44 5502047
45 3047238
46 3191818
47 0
48 3018209
49 0
50 2459144
51 0
52 1444544
53 2762590
54 1614783
55 1379841
56 0
57 1199595
58 1400617
59 1392484
60 2475113
61 1309835
62 0
63 1297180
64 0
65 1079406
66 1026329
67 2738864
68 1023234
69 1194876
70 1175832
71 0
72 1193005
73 3263847
74 1307995
75 3364553
76 1718795
77 1808232
78 3746869
79 2532762
80 0
81 2197001
82 2000475
83 2046430
84 4967577
85 2290342
86 2248718
87 0
88 2257858
89 2305489
90 2343129
91 3281520
92 2075458
93 0
94 2042411
95 0
96 1622689
97 1638657
98 0
99 1292381
100 5000000
