1 0
2 0
3 0
4 0
5 0
6 0
7 75561
8 216401
9 347139
10 470753
11 621134
12 770369
13 875861
14 948443
15 1009723
16 1073986
17 1134800
18 1183265
19 1211482
20 1229648
21 1242895
22 1248905
23 1243199
24 1227913
25 1206914
26 1182065
27 1156891
28 1128470
29 1097323
30 1064401
31 1032424
32 1001210
33 968930
34 936067
35 902307
36 870554
37 838837
38 809388
39 779939
40 750450
41 719835
42 693716
43 667402
44 641167
45 613076
46 591311
47 568952
48 547318
49 525729
50 505010
51 482850
52 466460
53 446251
54 429031
55 410658
56 395465
57 378510
58 363962
59 350289
60 335835
61 320994
62 309404
63 296530
64 284560
65 273461
66 262149
67 251975
68 241424
69 231795
70 222807
71 213357
72 204811
73 197235
74 189223
75 181435
76 174001
77 167207
78 160276
79 153021
80 147493
81 142275
82 136013
83 130453
84 125585
85 119772
86 115897
87 111006
88 106672
89 102453
90 97930
91 93908
92 90531
93 86653
94 83546
95 79344
96 76288
97 73421
98 70539
99 67932
100 64819
101 61968
102 60133
103 57687
104 55218
105 52842
106 50975
107 48766
108 46996
109 45152
110 42846
111 41258
112 39555
113 38477
114 36748
115 35138
116 33510
117 32459
118 31048
119 29988
120 28694
121 27414
122 26238
123 24986
124 24225
125 23263
126 22283
127 21355
128 20342
129 19756
130 19049
131 18383
132 17430
133 16799
134 16131
135 15450
136 14970
137 14009
138 13490
139 13244
140 12713
141 12229
142 11571
143 10976
144 10775
145 10149
146 9746
147 9519
148 9218
149 8604
150 8463
151 8106
152 7836
153 7405
154 7073
155 6843
156 6447
157 6160
158 5976
159 5735
160 5406
161 5457
162 5154
163 4972
164 4617
165 4523
166 4303
167 4118
168 4012
169 3803
170 3617
171 3583
172 3368
173 3199
174 3154
175 2962
176 2846
177 2795
178 2562
179 2531
180 2454
181 2345
182 2245
183 2229
184 2064
185 1970
186 1862
187 1932
188 1686
189 1684
190 1619
191 1525
192 1514
193 1420
194 1357
195 1305
196 1227
197 1222
198 1151
199 1064
200 1094
201 1068
202 989
203 927
204 916
205 823
206 872
207 839
208 773
209 796
210 671
211 667
212 607
213 628
214 594
215 581
216 583
217 560
218 520
219 508
220 491
221 470
222 463
223 412
224 381
225 345
226 340
227 358
228 344
229 338
230 303
231 294
232 244
233 274
234 258
235 244
236 258
237 239
238 208
239 190
240 187
241 209
242 185
243 206
244 206
245 150
246 162
247 138
248 141
249 133
250 124
251 119
252 122
253 113
254 110
255 129
256 112
257 94
258 103
259 90
260 74
261 95
262 95
263 81
264 64
265 83
266 68
267 72
268 66
269 67
270 65
271 64
272 55
273 51
274 55
275 52
276 43
277 60
278 40
279 48
280 43
281 37
282 38
283 47
284 37
285 40
286 42
287 31
288 27
289 27
290 22
291 27
292 28
293 22
294 22
295 24
296 32
297 21
298 21
299 23
300 16
301 18
302 16
303 13
304 14
305 11
306 18
307 10
308 11
309 13
310 14
311 18
312 8
313 14
314 13
315 12
316 8
317 6
318 6
319 12
320 9
321 5
322 6
323 5
324 9
325 11
326 5
327 6
328 8
329 4
330 5
331 0
332 3
333 5
334 2
335 5
336 4
337 7
338 6
339 3
340 3
341 3
342 1
343 1
344 4
345 2
346 1
347 2
348 2
349 1
350 2
351 1
352 3
353 2
354 1
355 5
356 4
357 7
358 3
359 1
360 1
361 0
362 1
363 0
364 1
365 3
366 1
367 1
368 0
369 1
370 2
371 1
372 2
373 1
374 0
375 1
376 1
377 1
378 1
379 1
380 0
381 2
382 0
383 1
384 0
385 1
386 1
387 0
388 1
389 0
390 0
391 0
392 1
393 1
394 1
395 1
396 0
397 0
398 0
399 0
400 0
401 1
402 0
403 0
404 0
405 0
406 0
407 0
408 0
409 0
410 0
411 0
412 0
413 0
414 1
415 0
416 0
417 0
418 0
419 0
420 0
421 0
422 0
423 0
424 0
425 1
426 1
427 0
428 0
429 0
430 0
431 0
432 0
433 0
434 0
435 0
436 0
437 0
438 0
439 0
440 0
441 0
442 1
443 0
444 0
445 0
446 0
447 0
448 0
449 0
450 0
